# Frame list with one line of data per frame:
#   FRAME_ID, RIG_ID, RIG_FROM_WORLD[QW, QX, QY, QZ, TX, TY, TZ], NUM_DATA_IDS, DATA_IDS[] as (SENSOR_TYPE, SENSOR_ID, DATA_ID)
# Number of frames: 100
1 1 0.81285529439116821 -0.024862828877618769 -0.5479433397983785 -0.19597501496631775 0.23843138066761124 -1.1029486090171046 2.2665865676234924 1 CAMERA 1 1
2 1 0.83296803952885978 -0.02371474926304009 -0.52041787343651913 -0.18645935964346252 0.09876769254588888 -1.106254625131635 2.2447396047475379 1 CAMERA 1 2
3 1 0.7954556382521063 -0.026524230376795362 -0.5703416699724525 -0.20311861625386982 0.39748865379849435 -1.1004077616176049 2.3553002873010884 1 CAMERA 1 3
4 1 0.90752219491414288 -0.009430291812481369 -0.39431220246493182 -0.144334411426392 -0.36228177163199177 -1.2789736210885594 2.330705314937529 1 CAMERA 1 4
5 1 0.88979404815303265 -0.011741852779936422 -0.42829733988392438 -0.15713073987316145 -0.18975076195604343 -1.2548992597697313 2.4498159943523827 1 CAMERA 1 5
6 1 0.77929685448126362 -0.028741882097901062 -0.5902758938155146 -0.20843388877381294 0.49627126999613308 -1.118659472997753 2.4604548044433039 1 CAMERA 1 6
7 1 0.98824195807442272 -0.0020903385436557087 -0.14373974234219147 -0.052080219444661326 -0.77788549251771655 -1.3535724075181113 2.6625356209744862 1 CAMERA 1 7
8 1 0.9467106484997494 -0.015766137043703849 -0.30374009932400498 -0.10598268255968574 -0.49463261115167484 -1.275856034362741 2.683481445401068 1 CAMERA 1 8
9 1 0.87023630108632399 -0.016283054711001235 -0.46265898205720896 -0.16843487976858892 -0.11548161403556159 -1.2147713974140719 2.5103511838933912 1 CAMERA 1 9
10 1 0.58917656156802034 -0.041646446216925197 -0.76063923931586286 -0.26937798801938323 0.91053522976902757 -1.1493577583328938 2.8540723659565561 1 CAMERA 1 10
11 1 0.76413561045219403 -0.030717667197119079 -0.60849414261774304 -0.21186805365773498 0.58903474861289151 -1.0822815000264665 2.4383716467921168 1 CAMERA 1 11
12 1 0.85324118333452825 -0.021228904251454704 -0.48970279443815473 -0.17810106626755495 -0.0017996720380331194 -1.1771428609802175 2.400755053301372 1 CAMERA 1 12
13 1 0.99978280251595308 0.020580428036635425 -0.0014665050771101302 -0.0029399214334559953 -1.7407971655470964 -1.4288333514180867 2.7009511179138639 1 CAMERA 1 13
14 1 0.9970627707893569 0.0020715365000761069 -0.0730213968238521 -0.023009029711678369 -0.86935213443572334 -1.43675903292353 2.9129003863123315 1 CAMERA 1 14
15 1 0.74673141742086879 -0.031525996220653579 -0.62825143959091112 -0.21609819631561744 0.7599786096872021 -1.0710658301397635 2.3913190741965598 1 CAMERA 1 15
16 1 0.72169296537624483 -0.032552829671989227 -0.65475948638026982 -0.2222376925767402 0.86442399276440496 -1.0609707421424182 2.4983949562471226 1 CAMERA 1 16
17 1 0.92438078058936002 -0.0094523150142043991 -0.35866532982648275 -0.12957626093670949 -0.45644357661964291 -1.2516588057095412 2.3164038384434256 1 CAMERA 1 17
18 1 0.69969405576155819 -0.035643885182946762 -0.6751382500443317 -0.23096771442797762 0.9722540449438295 -1.0831144203179606 2.5962333118301859 1 CAMERA 1 18
19 1 0.98181184229818885 -0.0043507369046891283 -0.17811032216933803 -0.065599470639304894 -0.75065571698513944 -1.3089385391725221 2.624245319427474 1 CAMERA 1 19
20 1 0.97409869419841466 -0.0072569110358505079 -0.21220021368394743 -0.077782649194076903 -0.66483638052245575 -1.3095340839064207 2.7153149867967081 1 CAMERA 1 20
21 1 0.99983668871388787 0.017672185011879719 -0.0035605225479319875 -0.0012698258698758396 -1.3691866631586638 -1.4255546633938969 2.7419972614066204 1 CAMERA 1 21
22 1 0.99370236775198517 -0.00085264883117945535 -0.10571727069066565 -0.037131334365812819 -0.82750070231052608 -1.4146439393092796 2.8166492156415233 1 CAMERA 1 22
23 1 0.9563764174458711 -0.014324104483538339 -0.2751619883623716 -0.097081658126607517 -0.58203947950089441 -1.2994335361875262 2.8113759866055177 1 CAMERA 1 23
24 1 0.61510616843328825 -0.04011586800131043 -0.74264627555984075 -0.26174725994156883 0.93679250609806353 -1.0915148099592427 2.6831261455560851 1 CAMERA 1 24
25 1 0.67476778659065717 -0.037714443191104542 -0.69646530250505578 -0.24125119141855422 1.0053537499009331 -1.082682342877233 2.5295558854514071 1 CAMERA 1 25
26 1 0.64492046943908965 -0.039258362450351247 -0.7203319999523341 -0.25230572510518395 0.99924683030805139 -1.0780510963876557 2.5040927729008873 1 CAMERA 1 26
27 1 0.9377424680259957 -0.012753974707955289 -0.32693606875858222 -0.11657275296717878 -0.41421841317318414 -1.2603020524093831 2.48739991661704 1 CAMERA 1 27
28 1 0.9654891903501045 -0.0112778659738445 -0.2448946057511511 -0.087920788953260706 -0.61714429816778127 -1.3255662119584983 2.8081408700678714 1 CAMERA 1 28
29 1 0.99885395669236932 0.0065738118777001397 -0.045582464503171966 -0.013030622671689085 -0.90705897194067031 -1.4350792395836571 2.8864171402835472 1 CAMERA 1 29
30 1 0.99981133540268485 0.015003362093247352 -0.011971901790017543 -0.0029776322354074913 -1.1490946627277518 -1.4274976131518029 2.7744834479315923 1 CAMERA 1 30
31 1 0.99956635914424929 0.011207160018623354 -0.026274102477145823 -0.0071529553645705395 -1.0120268450412788 -1.4305707556272673 2.8302296107390035 1 CAMERA 1 31
32 1 0.99981181623424698 0.019298365891663588 -0.00078473280035188113 -0.0018136666507419222 -1.6215481223173824 -1.4381241759085823 2.7165174601465742 1 CAMERA 1 32
33 1 0.53043876758941011 -0.039883686629772479 -0.79898369803575009 -0.28048004501597551 1.0361884183740029 -1.1447122666958724 2.8913604558456512 1 CAMERA 1 33
34 1 -0.31909626745035613 0.020966707057146278 0.89490488771123688 0.31126068053155881 1.25085364533182 -1.350764133405205 3.7039977822188557 1 CAMERA 1 34
35 1 -0.39353299587193369 0.028801364696347441 0.86994218026215764 0.29580883278295134 1.2146784862016207 -1.256551627722599 3.3594883554075801 1 CAMERA 1 35
36 1 -0.27139568631345357 -0.0010229904903762638 0.89304137978067955 0.3589156292784228 1.304879784336028 -1.6542453657043539 3.8918657875592162 1 CAMERA 1 36
37 1 0.55795012394772325 -0.04034232390969214 -0.78161151288322062 -0.27594854414670933 1.0024857938914835 -1.1636122828082129 2.842346713961093 1 CAMERA 1 37
38 1 -0.29034850026638748 0.012905015418826389 0.89835091387397958 0.32938859195771386 1.2865816744638936 -1.4689720224200546 3.8860828443826825 1 CAMERA 1 38
39 1 -0.4990739055161586 0.038620594129011088 0.81750798564448401 0.28480586361497062 1.0947521492864181 -1.1634155670254085 3.0487141753843665 1 CAMERA 1 39
40 1 -0.36095738619036116 0.02664871535117248 0.88219765005251005 0.30120909276876645 1.2315149933169216 -1.2666249093994317 3.4664322273867847 1 CAMERA 1 40
41 1 -0.25916957077655689 -0.027950904488109135 0.87132780924272801 0.41573757270910711 1.5175468089812383 -1.9392349130876962 3.5569518144361663 1 CAMERA 1 41
42 1 0.02163341856520419 0.00040027570611007743 0.87708515495769257 0.47984733606990293 1.0796283322440738 -2.4626916627017357 3.626725915746519 1 CAMERA 1 42
43 1 -0.46599245804384554 0.036319179764940514 0.83560477333051808 0.28861151919961586 1.113578661109389 -1.2185921544029188 3.2492631125955578 1 CAMERA 1 43
44 1 -0.26396782868788921 -0.015643873842585983 0.88356028319492397 0.38651970271837871 1.3529705721666134 -1.7874373726294499 3.7629473830251654 1 CAMERA 1 44
45 1 -0.2109639771780939 -0.035223527146587261 0.86155598263830702 0.46040720264641316 1.6612728771113145 -2.1107347848101465 3.2743641832202148 1 CAMERA 1 45
46 1 -0.10839747577418932 -0.018922338941275416 0.8715646692561112 0.47777291639361641 1.5126761963470112 -2.4513807469733107 3.6421541940299971 1 CAMERA 1 46
47 1 0.63177475192839794 0.039771838809620735 0.6963769713291007 0.33813899134235154 -0.2615101395586884 -2.2086002874732396 4.3373323084905255 1 CAMERA 1 47
48 1 -0.16043850799690834 -0.028883946976645931 0.86648455521359313 0.47183653772792822 1.614463663040181 -2.2856073516264797 3.440350096696752 1 CAMERA 1 48
49 1 -0.43325650556617762 0.03330354907636409 0.85206243625278921 0.29183776097425179 1.1734591887126349 -1.2577442631424116 3.3368133354534462 1 CAMERA 1 49
50 1 0.5998365635641929 0.036727936453571822 0.71879146104715907 0.34955112819307765 -0.25872200109590954 -2.2080991951307567 4.3034328930296386 1 CAMERA 1 50
51 1 -0.24475034429522968 -0.035675203608299455 0.86220175696510071 0.44207768446412943 1.6606303202236163 -2.0141990904309197 3.3264174648067426 1 CAMERA 1 51
52 1 0.66755172110669769 0.04224396638740547 0.66886608047982643 0.32435831010612282 -0.28750917554202621 -2.1610455148049579 4.2093744872235419 1 CAMERA 1 52
53 1 -0.044788241515735398 -0.009114734297554496 0.87592600951048061 0.48027550520889467 1.2511929187864437 -2.5103455579117409 3.6665416294311788 1 CAMERA 1 53
54 1 0.16867947041957498 0.015539708412184177 0.86756818910233791 0.46758014391024505 0.51223132677794703 -2.5668783193791773 3.9220617211313082 1 CAMERA 1 54
55 1 0.098678143255119477 0.0075775358684482151 0.87411949981936177 0.47552108789141295 0.73624205989918023 -2.497529237707969 3.6844689986584593 1 CAMERA 1 55
56 1 0.46902392328376946 0.030862397005538639 0.79183878181400891 0.38994283613611741 -0.65021918819986313 -2.4182940819226464 4.5183184308589368 1 CAMERA 1 56
57 1 0.5660690724216394 0.032645885775489769 0.74049704541777017 0.36078272840754377 -0.39845950462475976 -2.2056064651927372 4.1768606984236865 1 CAMERA 1 57
58 1 0.53232097510537491 0.030761821176904267 0.76064454378744339 0.37028093095261533 -0.43557906488848741 -2.202362567400038 4.2074084839162893 1 CAMERA 1 58
59 1 0.43368024913226605 0.033987861501956686 0.80569660876995697 0.40201895651783681 -0.47727101541920369 -2.4842076066502639 4.432280005519619 1 CAMERA 1 59
60 1 0.22829808406032018 0.023288105008968045 0.85926337398050778 0.45716966556751421 0.2629614554312692 -2.6165486455366431 4.1451464625854308 1 CAMERA 1 60
61 1 0.28743816754029794 0.029256354586135919 0.8482179943084267 0.44390269168906443 -0.0047341897293732534 -2.5728027259618784 4.1769621554954774 1 CAMERA 1 61
62 1 0.3901567169314113 0.035059754502855332 0.82066547575665805 0.41600087349499748 -0.34863269443969996 -2.4538181737109341 4.2531036490568654 1 CAMERA 1 62
63 1 0.49981737286583333 0.0298072712612425 0.77785322638991294 0.37978741231938962 -0.6207340870136433 -2.3528089593128487 4.4149856315192242 1 CAMERA 1 63
64 1 0.74830492925589642 0.043186819516489949 0.59525846747923861 0.28955481064151889 -0.41378674157114503 -2.081571036956765 4.1331334076850395 1 CAMERA 1 64
65 1 0.34193070334153364 0.034211959114138803 0.83497693504765036 0.4297981548405822 -0.14982748298548501 -2.4734701936624175 4.1519094069144016 1 CAMERA 1 65
66 1 0.70761320039815945 0.043822413859203067 0.63456060012674842 0.30772715095130498 -0.32764661378473048 -2.0607312633878578 4.0913888456238734 1 CAMERA 1 66
67 1 0.78460745138225663 0.04277363778187588 0.55663588515082274 0.26966285340903928 -0.45414714951104179 -2.0871089920528405 4.3140020920875974 1 CAMERA 1 67
68 1 0.82136441456748133 0.040432269116356466 0.51220486564411294 0.2477335377110213 -0.62814096665801344 -2.0635403612054275 4.3307187562529217 1 CAMERA 1 68
69 1 0.85716024704186933 0.038120935570681122 0.46266209028448102 0.22308495102971787 -0.74842958171552998 -1.942673799785835 4.1477314062988428 1 CAMERA 1 69
70 1 0.89369828852303268 0.034785899513245476 0.40221183600908261 0.19575226501948606 -0.9237452523600449 -1.810484565806161 3.9946865806054648 1 CAMERA 1 70
71 1 0.92246056189369352 0.033140337276884625 0.34578097682159081 0.16853410890455303 -0.99846987371395879 -1.7716817712178734 3.9698577564416087 1 CAMERA 1 71
72 1 0.94421131497408961 0.031708380499187061 0.29470569486697806 0.14355530186653354 -1.0277300667947513 -1.7515672212937683 4.0307783613545434 1 CAMERA 1 72
73 1 0.98938820442264086 0.094260418540826299 0.099039684222070851 0.049163964395106854 -1.3959633837836183 -1.6490447452511261 3.1881347409620182 1 CAMERA 1 73
74 1 0.96317351591874112 0.032509358671451924 0.23966718820557101 0.1174715230561745 -1.2253219420011161 -1.7218832826330575 3.9655412835250825 1 CAMERA 1 74
75 1 0.85311516348909988 0.033872002251301991 -0.48380774369244073 -0.19229475404098834 0.33562077766930998 -0.95899394391458126 2.2679519751316866 1 CAMERA 1 75
76 1 0.98591751088470891 0.15465481215525756 0.057374323040479007 0.02750886882024229 -1.3772403193625991 -1.7038376405351416 2.8144044231550089 1 CAMERA 1 76
77 1 0.90733825093912912 0.044329068502429701 -0.38935632222476463 -0.15222971592969142 -0.091511997744209858 -0.9009799443049652 1.9725060882197556 1 CAMERA 1 77
78 1 0.97730508355323642 0.040296188817576475 0.18632275442347873 0.092384100427660196 -1.2854870431171832 -1.6251455786189513 3.7102531312929123 1 CAMERA 1 78
79 1 0.99020920595652828 0.09335639457796735 -0.099702675041786731 -0.028804315993562452 -0.84993810024837513 -1.0260746565342125 2.1777337144839164 1 CAMERA 1 79
80 1 0.88286435659387874 0.039696773721018257 -0.43526747369662505 -0.1718048903668826 0.09349159753375938 -0.90809445308952252 2.0119064859678111 1 CAMERA 1 80
81 1 0.98800983259834552 0.15335260071922399 -0.016951407362759578 0.0056745334664222982 -0.89532228982288975 -1.1478638058650206 2.3195601877313172 1 CAMERA 1 81
82 1 0.98923634100666158 0.12020705512224832 0.07571193898031281 0.035063197607045397 -1.3889600195226355 -1.65909238860853 3.0615252658335077 1 CAMERA 1 82
83 1 0.98612853871888329 0.058746431740714401 0.13971252069386292 0.067674023400858527 -1.3924288595409084 -1.5629283112656072 3.4653167824894506 1 CAMERA 1 83
84 1 0.92813828106780705 0.047857952705624575 -0.34455339579091898 -0.13248360286567062 -0.26879489235731163 -0.98945446571148499 2.0868569778841422 1 CAMERA 1 84
85 1 0.82100227004783177 0.029085238737720974 -0.52915499780290687 -0.21237775251678975 0.42571006047074755 -0.99628202979000868 2.3522414947004791 1 CAMERA 1 85
86 1 0.99089921603623965 0.12418828657786311 -0.051171337960838462 -0.0088038234261110394 -0.88586685963686818 -1.1167375184347179 2.3756047690608253 1 CAMERA 1 86
87 1 0.97429568145992329 0.061318752765705781 -0.20528205225396001 -0.069621941011471483 -0.7121040891330036 -0.91620686159489984 1.9758466762379849 1 CAMERA 1 87
88 1 0.7856495437730302 0.028675186365523977 -0.57017161274272243 -0.23840482394132734 0.66405658197905237 -0.98542986858941883 2.2509261638229172 1 CAMERA 1 88
89 1 0.71925864809560647 0.051121917016701345 -0.62458247298897829 -0.29991712384455499 1.0377800002297541 -1.205164918082998 2.251028508097602 1 CAMERA 1 89
90 1 0.75167850702620798 0.036328984036200725 -0.60177619665324744 -0.26744164996368869 0.81614870211554891 -1.0626477131627241 2.2271239440304269 1 CAMERA 1 90
91 1 0.9838638368684669 0.072515172431640601 -0.15601104289076353 -0.04913303131096855 -0.77688791251932143 -0.92814164582979886 1.9741936262044388 1 CAMERA 1 91
92 1 0.98305376487855722 0.17626119106112195 0.044366503426442043 0.023851651043920511 -1.3579567845165286 -1.5629168804825144 2.5305539251500329 1 CAMERA 1 92
93 1 0.9463517608721379 0.050384809739261148 -0.29894060024799013 -0.11186703341518178 -0.48591665454654986 -1.0306484867761361 2.245148225516862 1 CAMERA 1 93
94 1 0.96110949429470693 0.054444707116050442 -0.25469400322111607 -0.091843772607742347 -0.56694198954797859 -1.0010156999208595 2.1912471191996774 1 CAMERA 1 94
95 1 0.9836207190254691 0.1792217595127262 0.011515094486435114 0.015402747155963507 -1.132757179675614 -1.2042902880609332 2.2060638260380903 1 CAMERA 1 95
96 1 0.98180766908458683 0.18599771731097567 0.031645774991748532 0.021379780330231433 -1.2769790433742381 -1.3511237743073059 2.264847483477463 1 CAMERA 1 96
97 1 0.68430594076400142 0.066600628325815564 -0.64620032674041772 -0.33123235569955789 1.2417596183015849 -1.3086209344900599 2.3175867900255707 1 CAMERA 1 97
98 1 0.6207186646908881 0.083543139240984027 -0.69367560048553656 -0.35572889182796569 1.0311443883533558 -1.2271469880759074 2.348436385150285 1 CAMERA 1 98
99 1 0.65079933559222825 0.077717467149520894 -0.66815061221348404 -0.35212920851773238 1.2468981968892359 -1.3188154402039876 2.3217928741182989 1 CAMERA 1 99
100 1 0.60748654501709554 0.082927503710319234 -0.70593185513990453 -0.35460307760974186 0.93642648751666524 -1.1964298110166283 2.3729888408186683 1 CAMERA 1 100
