# Frame list with one line of data per frame:
#   FRAME_ID, RIG_ID, RIG_FROM_WORLD[QW, QX, QY, QZ, TX, TY, TZ], NUM_DATA_IDS, DATA_IDS[] as (SENSOR_TYPE, SENSOR_ID, DATA_ID)
# Number of frames: 69
1 1 0.91566675303515954 0.015978161571125724 -0.3844294979352279 -0.1162456745695251 0.15950355443044986 -0.52042472513641391 2.8997167488548521 1 CAMERA 1 1
2 1 0.97687469082254186 -0.025801706497440596 0.2119179699274108 -0.011869473199253612 -3.8016247022453715 -0.85413187478823305 3.7360852264973974 1 CAMERA 1 2
3 1 0.97993227698971153 -0.029771995994177056 0.19630884992012251 -0.017583975981577869 -3.2934704063841505 -0.77320406321144786 3.4948671794414166 1 CAMERA 1 3
4 1 0.9859990482890838 -0.028770505604762742 0.16209403865918809 -0.026526541640810423 -3.1172389773612053 -0.68155553089060161 3.2407259656819103 1 CAMERA 1 4
5 1 0.9769966112995967 -0.026798180149616279 0.21118545547141265 -0.012656320440998754 -3.7627249928522684 -0.84115567672891378 3.7346404945220231 1 CAMERA 1 5
6 1 0.97627318599705959 -0.031202215436482387 0.21386406492299312 -0.013388419982218095 -3.4368461622732926 -0.82762033597686413 3.7756462787516036 1 CAMERA 1 6
7 1 0.97673670894510534 -0.028522430531961667 0.2121389225533975 -0.012998072684730548 -3.6665902434544 -0.832880494651554 3.7560844070081632 1 CAMERA 1 7
8 1 0.99012659725398278 -0.026298660014015519 0.13424188463047301 -0.030607487688085907 -2.9962458745913363 -0.66066226876340017 2.9610237696614523 1 CAMERA 1 8
9 1 0.98802948570726234 -0.028387635638844083 0.14883329791721359 -0.028991842765941526 -3.0643425004771419 -0.65873096827147115 3.1309523100127632 1 CAMERA 1 9
10 1 0.96959185205648968 0.018234024983708928 -0.22513019171278911 -0.094210177464659525 -0.1759432856345437 -0.54509810416872917 2.58232295225159 1 CAMERA 1 10
11 1 0.98324530694495493 -0.02935269274804727 0.17851597248516049 -0.022341292864051291 -3.2160730291227821 -0.73674224855045511 3.3386854563406865 1 CAMERA 1 11
12 1 0.98867336245433768 0.013628406623432222 -0.1273641484343993 -0.078215232529993725 -0.5783044568379776 -0.51301679489861807 2.3473491147461489 1 CAMERA 1 12
13 1 0.97642507979852222 -0.030675741121224627 0.21325232183854376 -0.013285694471256037 -3.5449635121946765 -0.82441989849287878 3.7896383361156123 1 CAMERA 1 13
14 1 0.97729262887481505 -0.031103250354776551 0.20907635111659797 -0.014791374787063803 -3.3588780243927236 -0.81034385935784925 3.6741947685793619 1 CAMERA 1 14
15 1 0.9479591270632397 0.020542201695445319 -0.30041564617871125 -0.10345023391965476 0.0096316137134430865 -0.57863903924702231 2.7556909086561516 1 CAMERA 1 15
16 1 0.99560780953310546 0.0088242496003560818 0.087726995465354965 -0.031483273055774766 -2.4154050276685037 -0.69077029715495386 2.7326623449973715 1 CAMERA 1 16
17 1 0.99844284074946588 0.015850866161935755 -0.0095334690625461776 -0.052628478656397637 -1.8074889388236077 -0.6071786767489834 2.3449567636032094 1 CAMERA 1 17
18 1 0.99130965427597317 0.013119238132484303 -0.10740821409393146 -0.074809962406263558 -0.78394878282370251 -0.49769787330281856 2.2683803950687813 1 CAMERA 1 18
19 1 0.99333061759311958 0.012981929840886587 -0.08921083296576339 -0.071883106021042059 -1.0092619588873151 -0.51484447238391795 2.2391888565190419 1 CAMERA 1 19
20 1 0.99184620189140738 -0.022092869592866122 0.12159240619307388 -0.031117578037512746 -2.8671058836144772 -0.62374091543382737 2.8189839258058802 1 CAMERA 1 20
21 1 0.96021442238614985 0.020309554229024033 -0.26055936355130804 -0.098410381131199529 -0.065905106651503162 -0.56124610100425543 2.6976295602841707 1 CAMERA 1 21
22 1 0.97871808528333937 0.015843922707600128 -0.18434361070908667 -0.088754227185450202 -0.23936560731813972 -0.5355043858652343 2.5051076449072074 1 CAMERA 1 22
23 1 0.99483155475137641 0.013397430618081477 -0.07356808682766966 -0.068690779034086033 -1.2403246770112275 -0.50367025053917946 2.2601809537481112 1 CAMERA 1 23
24 1 0.93306967434154553 0.019074474401549114 -0.34216410584556528 -0.10927429670957538 0.083163415465043633 -0.54204681716344616 2.8056580893648735 1 CAMERA 1 24
25 1 0.99341685120638046 -0.0121251858724808 0.1098575034376449 -0.030120898811401821 -2.710343934211195 -0.63383907767461933 2.7693290606841248 1 CAMERA 1 25
26 1 0.99634466382316977 0.013926751253539886 -0.054730797616507017 -0.064092872169048951 -1.4831342303811976 -0.52703585144956666 2.2239770858722299 1 CAMERA 1 26
27 1 0.99696284762435095 0.015787777187711783 0.067919799372482534 -0.034680360456865053 -2.2707151392065987 -0.67852888745890938 2.6066581309735395 1 CAMERA 1 27
28 1 0.99801447617150696 0.018046227702396257 0.045117927956967008 -0.040072579087154253 -2.097829494347224 -0.66392113686544318 2.5173368788109283 1 CAMERA 1 28
29 1 0.99757143876281229 0.014910136623629246 -0.03483256906323514 -0.058443173450904509 -1.6629329019453021 -0.54998406097231467 2.2461672048795265 1 CAMERA 1 29
30 1 0.98505627503976301 0.013887785764207454 -0.15022844823888598 -0.083082355233167066 -0.38978938598260437 -0.52429669825817604 2.4540721996468426 1 CAMERA 1 30
31 1 0.99470566297442853 -0.00020266053632619845 0.098298334644575228 -0.029967321892572181 -2.5376337676748038 -0.66248373621583256 2.7798195545569091 1 CAMERA 1 31
32 1 0.99862883534989799 0.017436211073325894 0.017610686460640335 -0.046111728155619772 -1.9232181524803091 -0.62880368397657316 2.459288547236322 1 CAMERA 1 32
33 1 0.87987222958846356 0.013378651269357352 -0.45680405744160263 -0.13029168965873464 0.23293907975193426 -0.48487314513017932 2.9690641384134246 1 CAMERA 1 33
34 1 0.8367567048085125 0.018014532201857964 -0.52827749470407304 -0.14295657444390963 0.33229814631935295 -0.50093824809951448 3.1276223361676734 1 CAMERA 1 34
35 1 0.89800471866389675 0.013285504748296623 -0.42207797269346042 -0.1235362521203274 0.19401142159143195 -0.49780711601261107 2.9521413093095528 1 CAMERA 1 35
36 1 0.79101481516115568 0.022565219957144157 -0.59279502395513695 -0.14960091115323204 0.43555400514630588 -0.49772211302817693 3.2192500322632407 1 CAMERA 1 36
37 1 0.64821219755672521 0.027972602046063361 -0.74268137048797844 -0.16571922762175639 0.89732146072835528 -0.48511940647231466 3.5204241582367461 1 CAMERA 1 37
38 1 0.74420718635168481 0.024325423537742474 -0.64881557379321231 -0.15685116753025088 0.57369901440427706 -0.50278530610269323 3.3734663190099066 1 CAMERA 1 38
39 1 -0.40798208395040653 -0.066509848803483818 0.88751693553568722 0.20357000841225045 3.3059125924564441 -0.22170960292982544 1.3181852417839808 1 CAMERA 1 39
40 1 -0.39312797905305963 -0.063220285575213683 0.89726222755924256 0.19071990607398961 2.9647139093424575 -0.31325775231953018 2.3346780057741747 1 CAMERA 1 40
41 1 -0.37536167664841003 -0.058704483077453816 0.9053725991654149 0.18962555748306875 2.6220177459428431 -0.44453427663336503 3.0797592611612301 1 CAMERA 1 41
42 1 -0.41013505131760775 -0.066340137068980218 0.8880534756058579 0.19684829275035165 3.2201312778231439 -0.22604434525445471 1.6202571271496864 1 CAMERA 1 42
43 1 0.68726626061949769 0.025678505616074054 -0.70740619754614986 -0.16304040308069265 0.66129018417720487 -0.48374165031021937 3.4527133127732479 1 CAMERA 1 43
44 1 -0.39493060134898811 -0.06666300166068817 0.89132985857922353 0.21240750347587925 3.3914540224262759 -0.22148075096070985 1.1172933877451123 1 CAMERA 1 44
45 1 0.85906368784326936 0.01517629123494982 -0.49283575412310371 -0.137448826373258 0.25771767336057705 -0.49402332419588868 3.0240986140752972 1 CAMERA 1 45
46 1 -0.37594747913078586 -0.057142439671864102 0.9052871665262866 0.18934988948072307 2.4309920312559492 -0.47870108426825153 3.324255753666264 1 CAMERA 1 46
47 1 -0.40310176845761153 -0.065192878938813981 0.89227810991825141 0.19261003962080386 3.0857509968170551 -0.27174465423701916 1.9632956128912737 1 CAMERA 1 47
48 1 0.58950148034527694 0.032707627838474876 -0.78932781084651771 -0.16846311992881646 1.0048594149192738 -0.48556728906372038 3.7568428697533149 1 CAMERA 1 48
49 1 0.6666303203961248 0.026306723002468117 -0.72661054640887135 -0.1641617680851214 0.77549045214137435 -0.46465672001494374 3.5134521203964324 1 CAMERA 1 49
50 1 -0.37762120189475501 -0.056479761940406055 0.90488581428177273 0.18813273899650898 2.2605053269793891 -0.51172705441061406 3.5654388215988693 1 CAMERA 1 50
51 1 -0.37989599914904726 -0.0607902601345243 0.90336156690329039 0.18952955850039876 2.8156852445664899 -0.38517914828712613 2.7484580267903027 1 CAMERA 1 51
52 1 0.62406036583159885 0.030333511945031505 -0.76264792949811566 -0.16732206514219386 0.96926083004592389 -0.48044427508755994 3.5825594819784299 1 CAMERA 1 52
53 1 -0.38050860063212028 -0.056057569178564387 0.90419249169151883 0.18575976892604767 2.0452571071802339 -0.50521794766666384 3.7448866608157125 1 CAMERA 1 53
54 1 0.71128965428482471 0.025918139825367531 -0.68379675176307408 -0.16067756537126168 0.5860013791666342 -0.48642062015604193 3.4017897000101085 1 CAMERA 1 54
55 1 -0.37929779306001254 -0.067038466151916748 0.89566075018419911 0.22233049456896489 3.5604703597061267 -0.23614621176982825 0.98440429412590214 1 CAMERA 1 55
56 1 -0.39844790451205242 -0.053239553083346297 0.89722952699467595 0.18271287110203924 1.5820813075894429 -0.52764831587459715 3.9116375806612078 1 CAMERA 1 56
57 1 -0.32105491977234418 -0.071098333211285725 0.91112223918241941 0.24844522690477444 3.7482348952843476 -0.33655691620005623 0.9868596571165752 1 CAMERA 1 57
58 1 -0.25185659999935495 -0.075881577445428311 0.92973909651839393 0.25767314886561027 3.7511667881250661 -0.46062093683680166 1.3242671357364468 1 CAMERA 1 58
59 1 -0.38724164167884539 -0.05437860681269719 0.90182430700679972 0.18384721200684054 1.7912354211491808 -0.511590834287868 3.8367860833292347 1 CAMERA 1 59
60 1 -0.3534978987819985 -0.069161684468316525 0.9030820230224671 0.23387765316905482 3.6796675428378638 -0.28168433696311124 0.97688358458341196 1 CAMERA 1 60
61 1 0.55107606857331204 0.035015000498823612 -0.81628902069314357 -0.16959171878861853 0.97063807160237447 -0.50229846776047415 3.8738265926069535 1 CAMERA 1 61
62 1 0.81362919615537155 0.020891702883442071 -0.5622383438456301 -0.14648929184045142 0.36425916899629562 -0.51665952254282754 3.1642080048929513 1 CAMERA 1 62
64 1 0.7691050596705078 0.023766311146394339 -0.62007979292386961 -0.15301509746168179 0.5210342971628299 -0.50028534688275417 3.3103970114423267 1 CAMERA 1 64
65 1 0.50997149821797194 0.038367693939413278 -0.84225852544798074 -0.17046280350059406 0.87812293500066219 -0.48708504402870945 3.9733666758570938 1 CAMERA 1 65
67 1 -0.40934723663044909 -0.052403753336165634 0.89256445553975949 0.18170684964059436 1.4001050287067991 -0.5211837751985039 3.9766681688329579 1 CAMERA 1 67
71 1 -0.44579588579129309 -0.046662453446527086 0.8765967036768999 0.17511956701836612 0.8657630522417632 -0.52877017317732977 4.1159812086116281 1 CAMERA 1 71
72 1 -0.41934877202813708 -0.051526362440742483 0.88823926506145312 0.18034037089683627 1.1905450851728594 -0.54217506104482993 3.9932544714708142 1 CAMERA 1 72
73 1 -0.4705564702434098 -0.043541640978027485 0.86420828524212201 0.17269850471811904 0.82596848266426082 -0.51169442090922956 4.1015256519287329 1 CAMERA 1 73
82 1 -0.43072710059181357 -0.049734158029369938 0.88339705262503798 0.1777929294271143 1.031945333980868 -0.5269004612006869 4.0301784774909502 1 CAMERA 1 82
